Node	ID	X	Y 
eNB	1	0	0
eNB	2	0	0
eNB	3	0	0
 UE	1	1478.12	825.88
 UE	2	1609.3	1287.61
 UE	3	834.27	1361.73
 UE	4	1762.52	795.2
 UE	5	664.39	1283.77
 UE	6	1760.54	772.27
 UE	7	1716.71	769.87
 UE	8	1060.18	1492.04
 UE	9	1898.51	1277.67
 UE	10	1347.89	889.38
 UE	11	1541.87	1418.15
 UE	12	1464.22	1205.41
 UE	13	1188.35	602.95
 UE	14	1067.15	606.56
 UE	15	828.94	1504.4
 UE	16	1073.84	1066.72
 UE	17	1669.17	1403.23
 UE	18	1898.51	1277.67
 UE	19	1541.87	1418.15
 UE	20	1500.2	1506.94
 UE	21	1008.66	1096.26
 UE	22	717.84	957.02
 UE	23	1090.12	768.46
 UE	24	892.93	1051.98
 UE	25	1898.51	1277.67
 UE	26	1633.16	770.99
 UE	27	1898.51	1277.67
 UE	28	1778.68	1399.41
 UE	29	1500.2	1506.94
 UE	30	1791.44	897.8
 UE	31	1541.87	1418.15
 UE	32	1632.64	1231.13
 UE	33	1558.21	868.81
 UE	34	1667.34	1402.19
 UE	35	664.39	1283.77
 UE	36	1780.01	1396.5
 UE	37	1500.2	1506.94
 UE	38	1669.17	1403.23
 UE	39	1005.88	930.74
 UE	40	1762.52	795.2
 UE	41	723.89	1132.37
 UE	42	892.17	1053.94
 UE	43	1505.95	718.29
 UE	44	1009.99	741.58
 UE	45	664.39	1283.77
 UE	46	1669.17	1403.23
 UE	47	1669.17	1403.23
 UE	48	1541.87	1418.15
 UE	49	747.44	734.17
 UE	50	1500.2	1506.94
 UE	51	1188.35	602.95
 UE	52	1237.58	1127.45
 UE	53	717.84	957.02
 UE	54	1021.2	2039.8
 UE	55	1716.71	769.87
 UE	56	1541.87	1418.15
 UE	57	1898.51	1277.67
 UE	58	1305.83	920.04
 UE	59	640.97	707.84
 UE	60	1464.22	1205.41
 UE	61	717.84	957.02
 UE	62	954.66	893.33
 UE	63	1669.17	1403.23
 UE	64	1333.69	1417.36
 UE	65	1188.35	602.95
 UE	66	1446.26	1187.94
 UE	67	975.42	840.19
 UE	68	1067.15	606.56
 UE	69	1896.82	1278.91
 UE	70	1500.2	1506.94
 UE	71	1060.18	1492.04
 UE	72	1188.35	602.95
 UE	73	1568.76	1331.94
 UE	74	1008.66	1096.26
 UE	75	808.97	1350.66
 UE	76	1188.35	602.95
 UE	77	1575.21	1345.83
 UE	78	1031.8	940.87
 UE	79	1008.66	1096.26
 UE	80	1791.44	897.8
 UE	81	1762.52	795.2
 UE	82	1541.87	1418.15
 UE	83	1542.76	1416.24
 UE	84	1791.44	897.8
 UE	85	745.71	732.98
 UE	86	1633.16	770.99
 UE	87	717.84	957.02
 UE	88	1500.2	1506.94
 UE	89	1669.17	1403.23
 UE	90	1761.44	770.37
 UE	91	1505.95	718.29
 UE	92	828.94	1504.4
 UE	93	1021.2	2039.8
 UE	94	1475.78	1177.95
 UE	95	1500.2	1506.94
 UE	96	847.95	1165.18
 UE	97	1751.25	984.99
 UE	98	1635.03	771.95
 UE	99	953.2	888.35
 UE	100	1541.87	1418.15
 UE	101	1762.52	795.2
 UE	102	828.94	1504.4
 UE	103	1633.16	770.99
 UE	104	1334.03	950.64
 UE	105	1333.69	1417.36
 UE	106	1165.45	1269.83
 UE	107	1008.66	1096.26
 UE	108	664.39	1283.77
 UE	109	1382.25	849.16
 UE	110	1361.1	878.99
 UE	111	1332.6	938.79
 UE	112	1021.68	848.84
 UE	113	1006.82	1095.24
 UE	114	1294.22	1019.34
 UE	115	664.39	1283.77
 UE	116	1633.16	770.99
 UE	117	1406.68	1234.07
 UE	118	1060.18	1492.04
 UE	119	1187.24	604.74
 UE	120	1067.15	606.56
 UE	121	1500.2	1506.94
 UE	122	972.05	840.02
 UE	123	1188.35	602.95
 UE	124	1441.67	898.74
 UE	125	1633.16	770.99
 UE	126	1896.82	1278.91
 UE	127	1406.68	1234.07
 UE	128	1762.52	795.2
 UE	129	723.89	1132.37
 UE	130	1778.68	1399.41
 UE	131	1328.25	947.9
 UE	132	828.94	1504.4
 UE	133	1243.84	1098.99
 UE	134	1361.71	1289.33
 UE	135	1413.32	1061.88
 UE	136	1369.74	843.89
 UE	137	1507.18	719.99
 UE	138	949.65	1291.42
 UE	139	745.71	732.98
 UE	140	1791.44	897.8
 UE	141	1762.52	795.2
 UE	142	1762.52	795.2
 UE	143	1912.1	1617.59
 UE	144	828.94	1504.4
 UE	145	1762.52	795.2
 UE	146	719.79	957.79
 UE	147	1505.95	718.29
 UE	148	1541.87	1418.15
 UE	149	1188.35	602.95
 UE	150	1898.51	1277.67
 UE	151	640.97	707.84
 UE	152	1542.76	1416.24
 UE	153	1791.44	897.8
 UE	154	1365.52	1137.49
 UE	155	1716.71	769.87
 UE	156	1669.22	1202.85
 UE	157	829.96	1502.57
 UE	158	1716.71	769.87
 UE	159	763.87	1325.64
 UE	160	1505.95	718.29
 UE	161	1067.15	606.56
 UE	162	664.39	1283.77
 UE	163	719.79	957.79
 UE	164	1898.51	1277.67
 UE	165	1500.2	1506.94
 UE	166	664.39	1283.77
 UE	167	1060.18	1492.04
 UE	168	664.39	1283.77
 UE	169	1021.2	2039.8
 UE	170	666.37	1284.45
 UE	171	854.52	1010.46
 UE	172	1008.66	1096.26
 UE	173	828.94	1504.4
 UE	174	1679.95	1129.72
 UE	175	1633.16	770.99
 UE	176	1776.78	1398.54
 UE	177	1021.2	2039.8
 UE	178	1203.9	1191.26
 UE	179	745.71	732.98
 UE	180	1912.1	1617.59
 UE	181	1500.2	1506.94
 UE	182	1188.35	602.95
 UE	183	828.94	1504.4
 UE	184	1669.17	1403.23
 UE	185	1066.39	608.52
 UE	186	1689.47	1217.11
 UE	187	1716.71	769.87
 UE	188	1541.87	1418.15
 UE	189	639.72	710.78
 UE	190	1541.87	1418.15
 UE	191	1791.44	897.8
 UE	192	1500.2	1506.94
 UE	193	949.65	1291.42
 UE	194	1188.35	602.95
 UE	195	1498.35	1505.95
 UE	196	723.89	1132.37
 UE	197	1188.35	602.95
 UE	198	821.27	1173.83
 UE	199	1669.17	1403.23
 UE	200	1669.17	1403.23
 UE	201	1790.54	899.7
 UE	202	1541.87	1418.15
 UE	203	717.84	957.02
 UE	204	1257.92	1091.44
 UE	205	1300.26	982.42
 UE	206	1414.37	883.81
 UE	207	905.78	1010.33
 UE	208	949.65	1291.42
 UE	209	1791.44	897.8
 UE	210	1898.51	1277.67
 UE	211	1912.1	1617.59
 UE	212	640.97	707.84
 UE	213	1010.78	739.64
 UE	214	1631.54	901.6
 UE	215	828.94	1504.4
